a[1]: -0.758982	b[1]: 1.50455	c[1]: 0	d[1]: 0.651941
a[2]: -0.14409	b[2]: 1.82759	c[2]: 0.751288	d[2]: 1.43791
a[3]: 0.760949	b[3]: -2.25911	c[3]: 1.03997	d[3]: 1.92486
a[4]: 0.039515	b[4]: -2.57491	c[4]: 1.25062	d[4]: 1.9654
a[5]: -0.758259	b[5]: 1.34605	c[5]: 0.937776	d[5]: 1.9675
a[6]: 0.0593297	b[6]: 1.24556	c[6]: 1.65336	d[6]: 2.29467
a[7]: 0.761206	b[7]: -2.50278	c[7]: 1.02169	d[7]: 1.34965
a[8]: -0.116718	b[8]: -1.93938	c[8]: 0.643766	d[8]: 1.36966
a[9]: -0.759193	b[9]: 1.88704	c[9]: 0.958755	d[9]: 1.64921
a[10]: 0.215739	b[10]: 1.08312	c[10]: 1.12548	d[10]: 1.9319
